2020-1-29T13:45 7 15.8 17.6 55 0.03 0.46 0.47 35.45 23.6
2020-1-30T18:04 13 22.8 12.2 7 0.02 0.47 5.43 3.07 2.9
2020-2-03T14:52 10 24.6 11.3 4 0.01 0.33 NaN NaN NaN
2020-2-07T03:00 5 64.7 4.3 8 0.04 0.22 0.94 17.65 48.0
2020-2-07T06:27 3 43.8 6.3 23 0.08 0.31 0.68 24.61 45.2
2020-2-07T08:17 4 115.2 2.4 31 0.13 0.14 0.65 25.73 124.5
2020-2-07T13:10 1 56.1 5.0 20 0.34 0.23 1.05 15.82 37.3
2020-2-08T08:28 6 41.9 6.6 22 0.05 0.33 1.59 10.45 18.4
2020-2-08T10:32 8 44.9 6.2 13 0.06 0.30 9.84 1.69 3.2
2020-2-08T12:24 12 50.0 5.6 9 0.04 0.30 3.16 5.27 11.1
2020-2-08T18:04 14 38.1 7.3 32 0.08 0.36 1.60 10.40 16.7
2020-2-08T22:40 9 31.5 8.8 3 0.03 0.39 NaN NaN NaN
2020-2-09T16:17 11 46.3 6.0 7 0.02 0.32 15.64 1.07 2.1
2020-2-10T16:12 2 29.5 9.4 10 0.32 0.25 0.42 39.35 48.8
